n       0   1   2   3   4   5   6   7   8   9   10  11  12  13  14  15  16  17  18  19  20  21
nim     0   0   0   0   1   0   1   2   0   1   3   2   0   4   1   3   5   2   0   6   4   1

n       22  23  24  25  26  27  28  29  30  31  32  33  34  35  36  37  38  39  40  41  42  43
nim     7   3   5   8   2   0   9   6   4   10  1   7   11  3   5   12  8   2   13  0   9   14

n       44  45  46  47  48  49  50  51  52  53  54  55  56  57  58  59  60  61  62  63  64  65
nim     6   4   15  10  1   16  7   11  17  3   5   18  12  8   19  2   13  20  0   9   21  14

n       66  67  68  69  70  71  72  73  74  75  76  77  78  79  80  81  82  83  84  85  86  87
nim     6   22  4   15  23  10  1   24  16  7   25  11  17  26  3   5   27  18  12  28  8   19

n       88  89  90  91  92  93  94  95  96  97  98  99  100 101 102 103 104 105 106 107 108 109
nim     29  2   13  30  20  0   31          32          33          34          35          36

base case: f(0) = f(1) = f(2) = f(3) = 0
recurrence: f(n) = mex{f(n - i)} // i < n/3 {strict n/3, not integer n//3}

something certain:
f(3k+1) = k // new nim value
otherwise, f(x) = f(x - (x - 1) // 3)

0   1   2   3   5   8   12  18  27  41
    1   1   1   2   3   4   6   9   14
    0   0   0   1   2   3   5   8   13


curr    non_zero
0       0
1       0
2       0
3       0
5       1
8       2
12      3
18      5
27      8
41      13
62      20
